"ozone" <-
structure(list(month = c(1, 1, 1, 1, 1, 1, 1, 1, 1, 1, 1, 1, 
1, 1, 1, 1, 1, 1, 1, 1, 1, 1, 1, 1, 1, 1, 1, 1, 1, 1, 1, 2, 2, 
2, 2, 2, 2, 2, 2, 2, 2, 2, 2, 2, 2, 2, 2, 2, 2, 2, 2, 2, 2, 2, 
2, 2, 2, 2, 2, 2, 3, 3, 3, 3, 3, 3, 3, 3, 3, 3, 3, 3, 3, 3, 3, 
3, 3, 3, 3, 3, 3, 3, 3, 3, 3, 3, 3, 3, 3, 3, 3, 4, 4, 4, 4, 4, 
4, 4, 4, 4, 4, 4, 4, 4, 4, 4, 4, 4, 4, 4, 4, 4, 4, 4, 4, 4, 4, 
4, 4, 4, 4, 5, 5, 5, 5, 5, 5, 5, 5, 5, 5, 5, 5, 5, 5, 5, 5, 5, 
5, 5, 5, 5, 5, 5, 5, 5, 5, 5, 5, 5, 5, 5, 6, 6, 6, 6, 6, 6, 6, 
6, 6, 6, 6, 6, 6, 6, 6, 6, 6, 6, 6, 6, 6, 6, 6, 6, 6, 6, 6, 6, 
6, 6, 7, 7, 7, 7, 7, 7, 7, 7, 7, 7, 7, 7, 7, 7, 7, 7, 7, 7, 7, 
7, 7, 7, 7, 7, 7, 7, 7, 7, 7, 7, 7, 8, 8, 8, 8, 8, 8, 8, 8, 8, 
8, 8, 8, 8, 8, 8, 8, 8, 8, 8, 8, 8, 8, 8, 8, 8, 8, 8, 8, 8, 8, 
8, 9, 9, 9, 9, 9, 9, 9, 9, 9, 9, 9, 9, 9, 9, 9, 9, 9, 9, 9, 9, 
9, 9, 9, 9, 9, 9, 9, 9, 9, 9, 10, 10, 10, 10, 10, 10, 10, 10, 
10, 10, 10, 10, 10, 10, 10, 10, 10, 10, 10, 10, 10, 10, 10, 10, 
10, 10, 10, 10, 10, 10, 10, 11, 11, 11, 11, 11, 11, 11, 11, 11, 
11, 11, 11, 11, 11, 11, 11, 11, 11, 11, 11, 11, 11, 11, 11, 11, 
11, 11, 11, 11, 11, 12, 12, 12, 12, 12, 12, 12, 12, 12, 12, 12, 
12, 12, 12, 12, 12, 12, 12, 12, 12, 12, 12, 12, 12, 12, 12, 12, 
12, 12, 12, 12), day = c(1, 2, 3, 4, 5, 6, 7, 8, 9, 10, 11, 12, 
13, 14, 15, 16, 17, 18, 19, 20, 21, 22, 23, 24, 25, 26, 27, 28, 
29, 30, 31, 1, 2, 3, 4, 5, 6, 7, 8, 9, 10, 11, 12, 13, 14, 15, 
16, 17, 18, 19, 20, 21, 22, 23, 24, 25, 26, 27, 28, 29, 1, 2, 
3, 4, 5, 6, 7, 8, 9, 10, 11, 12, 13, 14, 15, 16, 17, 18, 19, 
20, 21, 22, 23, 24, 25, 26, 27, 28, 29, 30, 31, 1, 2, 3, 4, 5, 
6, 7, 8, 9, 10, 11, 12, 13, 14, 15, 16, 17, 18, 19, 20, 21, 22, 
23, 24, 25, 26, 27, 28, 29, 30, 1, 2, 3, 4, 5, 6, 7, 8, 9, 10, 
11, 12, 13, 14, 15, 16, 17, 18, 19, 20, 21, 22, 23, 24, 25, 26, 
27, 28, 29, 30, 31, 1, 2, 3, 4, 5, 6, 7, 8, 9, 10, 11, 12, 13, 
14, 15, 16, 17, 18, 19, 20, 21, 22, 23, 24, 25, 26, 27, 28, 29, 
30, 1, 2, 3, 4, 5, 6, 7, 8, 9, 10, 11, 12, 13, 14, 15, 16, 17, 
18, 19, 20, 21, 22, 23, 24, 25, 26, 27, 28, 29, 30, 31, 1, 2, 
3, 4, 5, 6, 7, 8, 9, 10, 11, 12, 13, 14, 15, 16, 17, 18, 19, 
20, 21, 22, 23, 24, 25, 26, 27, 28, 29, 30, 31, 1, 2, 3, 4, 5, 
6, 7, 8, 9, 10, 11, 12, 13, 14, 15, 16, 17, 18, 19, 20, 21, 22, 
23, 24, 25, 26, 27, 28, 29, 30, 1, 2, 3, 4, 5, 6, 7, 8, 9, 10, 
11, 12, 13, 14, 15, 16, 17, 18, 19, 20, 21, 22, 23, 24, 25, 26, 
27, 28, 29, 30, 31, 1, 2, 3, 4, 5, 6, 7, 8, 9, 10, 11, 12, 13, 
14, 15, 16, 17, 18, 19, 20, 21, 22, 23, 24, 25, 26, 27, 28, 29, 
30, 1, 2, 3, 4, 5, 6, 7, 8, 9, 10, 11, 12, 13, 14, 15, 16, 17, 
18, 19, 20, 21, 22, 23, 24, 25, 26, 27, 28, 29, 30, 31), weekday = c(4, 
5, 6, 7, 1, 2, 3, 4, 5, 6, 7, 1, 2, 3, 4, 5, 6, 7, 1, 2, 3, 4, 
5, 6, 7, 1, 2, 3, 4, 5, 6, 7, 1, 2, 3, 4, 5, 6, 7, 1, 2, 3, 4, 
5, 6, 7, 1, 2, 3, 4, 5, 6, 7, 1, 2, 3, 4, 5, 6, 7, 1, 2, 3, 4, 
5, 6, 7, 1, 2, 3, 4, 5, 6, 7, 1, 2, 3, 4, 5, 6, 7, 1, 2, 3, 4, 
5, 6, 7, 1, 2, 3, 4, 5, 6, 7, 1, 2, 3, 4, 5, 6, 7, 1, 2, 3, 4, 
5, 6, 7, 1, 2, 3, 4, 5, 6, 7, 1, 2, 3, 4, 5, 6, 7, 1, 2, 3, 4, 
5, 6, 7, 1, 2, 3, 4, 5, 6, 7, 1, 2, 3, 4, 5, 6, 7, 1, 2, 3, 4, 
5, 6, 7, 1, 2, 3, 4, 5, 6, 7, 1, 2, 3, 4, 5, 6, 7, 1, 2, 3, 4, 
5, 6, 7, 1, 2, 3, 4, 5, 6, 7, 1, 2, 3, 4, 5, 6, 7, 1, 2, 3, 4, 
5, 6, 7, 1, 2, 3, 4, 5, 6, 7, 1, 2, 3, 4, 5, 6, 7, 1, 2, 3, 4, 
5, 6, 7, 1, 2, 3, 4, 5, 6, 7, 1, 2, 3, 4, 5, 6, 7, 1, 2, 3, 4, 
5, 6, 7, 1, 2, 3, 4, 5, 6, 7, 1, 2, 3, 4, 5, 6, 7, 1, 2, 3, 4, 
5, 6, 7, 1, 2, 3, 4, 5, 6, 7, 1, 2, 3, 4, 5, 6, 7, 1, 2, 3, 4, 
5, 6, 7, 1, 2, 3, 4, 5, 6, 7, 1, 2, 3, 4, 5, 6, 7, 1, 2, 3, 4, 
5, 6, 7, 1, 2, 3, 4, 5, 6, 7, 1, 2, 3, 4, 5, 6, 7, 1, 2, 3, 4, 
5, 6, 7, 1, 2, 3, 4, 5, 6, 7, 1, 2, 3, 4, 5, 6, 7, 1, 2, 3, 4, 
5, 6, 7, 1, 2, 3, 4, 5, 6, 7, 1, 2, 3, 4, 5, 6, 7, 1, 2, 3, 4, 
5, 6, 7, 1, 2, 3, 4, 5), maxozone = c(3, 3, 3, 5, 5, 6, 4, 4, 
6, 7, 4, 6, 5, 4, 4, 7, 5, 9, 4, 3, 4, 4, 5, 6, 9, 5, 6, 6, 6, 
11, 10, 7, 12, 9, 2, 3, 3, 2, 3, 3, 4, 6, 8, 6, 4, 3, 7, 11, 
13, 4, 6, 5, 4, 4, 6, 10, 15, 23, 17, 7, 2, 3, 3, 5, 4, 6, 7, 
7, 6, 3, 2, 8, 12, 12, 16, 9, 24, 13, 8, 10, 8, 9, 10, 13, 14, 
9, 11, 7, 9, 12, 12, 8, 9, 5, 4, 4, 9, 13, 5, 10, 10, 7, 5, 4, 
7, 3, 4, 7, 11, 15, 22, 17, 7, 10, 19, 18, 12, 6, 9, 19, 21, 
29, 16, 5, 11, 2, 2, 12, 16, 22, 20, 27, 33, 25, 31, 18, 16, 
24, 16, 12, 9, 12, 16, NA, 8, 9, 29, 20, 5, 5, 11, 12, 19, 17, 
19, 16, 14, 10, 9, 7, 5, 2, 12, 22, 17, 26, 27, 14, 11, 23, 26, 
21, 15, 20, 15, 18, 26, 19, 13, 30, 26, 15, 16, 16, 19, 23, 28, 
34, 33, NA, 24, 17, 10, 14, 13, 17, 15, 22, 19, 20, 25, 28, 29, 
NA, 23, 26, 14, 13, 26, 22, 11, 15, 14, 13, 9, 12, 15, 12, 15, 
25, 18, 14, 22, 24, 19, 16, 7, 2, 4, 6, 12, 9, 15, 17, 13, 20, 
22, 24, 26, 32, 33, 27, 38, 23, 19, 19, 15, 28, 10, 14, 26, 17, 
3, 2, 3, 14, 29, 18, 3, 7, 9, 19, 8, NA, 23, 13, NA, 7, 3, 5, 
11, 12, 5, 4, 5, 4, 10, 17, 26, 30, 18, 12, 7, 15, 12, 7, 28, 
22, 18, 14, 24, 10, 14, 9, 12, 7, 7, 6, 13, 5, 3, 7, 8, 10, 12, 
7, 5, 6, 4, 5, 11, 20, 4, 14, 16, 5, 3, 5, 1, 5, 4, 11, 6, 8, 
14, 18, 12, 9, 7, 14, 4, 3, 3, 3, 3, 3, 3, 3, 6, 6, 5, 3, 4, 
7, 5, 5, 4, 3, 2, 5, 3, 4, 4, 6, 6, 3, 4, 3, 8, 5, 3, 2, 3, 5, 
1, 2), pressure = c(5480, 5660, 5710, 5700, 5760, 5720, 5790, 
5790, 5700, 5700, 5770, 5720, 5760, 5780, 5830, 5870, 5840, 5780, 
5680, 5720, 5760, 5730, 5700, 5650, 5680, 5780, 5820, 5830, 5810, 
5790, 5800, 5820, 5770, 5670, 5590, 5410, 5350, 5480, 5600, 5490, 
5560, 5700, 5680, 5700, 5650, 5610, 5730, 5770, 5770, 5700, 5690, 
5700, 5730, 5690, 5640, 5720, 5740, 5740, 5740, 5670, 5550, 5470, 
5320, NA, 5530, 5600, 5660, 5580, 5510, 5530, 5620, 5690, 5760, 
5740, 5780, 5790, 5760, 5700, 5680, 5720, 5720, 5730, 5710, 5750, 
5720, 5710, 5600, 5630, 5690, 5730, 5710, 5610, 5680, 5620, 5420, 
5540, 5590, 5690, 5550, 5620, 5630, 5580, 5560, 5440, 5480, 5620, 
5450, 5660, 5680, 5760, 5790, 5720, 5660, 5710, 5780, 5750, 5700, 
5620, 5650, 5730, 5810, 5790, 5740, NA, 5690, NA, 5680, 5650, 
5730, 5730, 5760, 5830, 5880, 5890, 5850, 5820, NA, 5800, 5740, 
5710, 5720, 5710, 5740, 5720, 5690, 5730, 5780, 5790, 5750, 5680, 
5720, 5770, 5800, 5780, 5740, 5730, 5760, 5770, 5690, 5650, 5610, 
5570, 5690, 5760, 5810, 5830, 5880, 5860, 5830, 5870, 5860, 5800, 
5800, 5770, 5860, 5870, 5870, 5860, 5880, 5870, 5860, 5830, 5820, 
5820, 5860, 5870, 5890, 5900, 5890, 5890, 5910, 5900, 5860, 5830, 
5850, 5830, NA, 5810, 5830, 5830, 5840, 5870, 5870, 5850, 5860, 
5900, 5890, 5880, 5890, 5870, NA, NA, 5820, 5780, 5770, 5790, 
5820, 5840, 5800, 5830, 5800, 5840, NA, 5910, 5890, 5870, 5780, 
5730, 5780, 5750, 5760, 5730, 5730, 5790, 5750, 5880, 5890, 5880, 
5870, 5900, 5920, 5930, 5950, 5950, 5900, 5890, 5860, 5840, 5800, 
5760, 5810, 5850, NA, NA, 5760, 5860, 5830, 5840, 5800, NA, 5790, 
5830, 5810, 5770, 5780, 5800, 5770, 5800, 5780, 5790, 5770, 5750, 
5640, 5640, 5650, 5710, 5760, 5840, 5880, 5890, 5890, 5890, 5890, 
5850, 5830, 5830, 5860, 5830, 5800, 5830, 5790, 5730, 5780, 5740, 
5710, 5690, 5670, 5760, 5820, 5790, 5760, 5800, 5810, 5750, 5840, 
5860, 5870, 5920, 5900, 5860, 5840, 5840, 5850, 5810, 5770, 5710, 
5500, 5660, 5700, 5810, 5860, 5900, 5850, 5780, 5790, 5780, 5770, 
5750, 5780, 5790, 5750, 5670, 5760, 5770, 5810, 5810, 5870, 5830, 
5760, 5680, 5780, 5810, 5760, 5680, 5750, 5790, 5770, 5750, 5720, 
5760, 5780, 5660, 5610, 5640, 5680, 5650, 5710, 5680, 5630, 5770, 
5800, 5730, 5690, 5650, 5550, NA),